M44.5,14.5
C46.2236053,14.5 47.7435137,15.3721304 48.6425072,16.6991734
L57.8288962,22.0028727
L58,22
C60.7614237,22 63,24.2385763 63,27
L63,43.5
L73.5,43.5
C76.2614237,43.5 78.5,45.7385763 78.5,48.5
C78.5,51.2614237 76.2614237,53.5 73.5,53.5
L58.5,53.5
C56.9922376,53.5 55.6403496,52.8326224 54.7236213,51.7771527
C53.6673776,50.8596504 53,49.5077624 53,48
L53,38.214
L42.194,56.93
L53.4330127,63.419873
C54.1944251,63.8594746 54.7964739,64.4690993 55.2188902,65.1731027
C56.3075982,66.090179 57,67.46423 57,69
L57,95
C57,97.7614237 54.7614237,100 52,100
C49.2385763,100 47,97.7614237 47,95
L47,71.253
L31,62.015
L31,83
C31,85.4850032 29.1871591,87.5465948 26.8118236,87.9344283
C26.1204578,88.2957696 25.3340792,88.5 24.5,88.5
L5.5,88.5
C2.73857625,88.5 0.5,86.2614237 0.5,83.5
C0.5,80.7385763 2.73857625,78.5 5.5,78.5
L21,78.5
L21,57
C21,55.8530929 21.3861555,54.7963772 22.0355433,53.9527763
C22.0972343,53.7772034 22.1759908,53.6041403 22.2727587,53.4365335
L38.978,24.5
L27.582,24.5
L19.080127,39.2272413
C17.6994151,41.6187045 14.6414631,42.4380802 12.25,41.0573684
C9.85853688,39.6766565 9.03916111,36.6187045 10.419873,34.2272413
L19.919873,17.7727587
C20.4804937,16.8017352 21.3176349,16.089896 22.2744028,15.6792808
C23.1449118,14.9436715 24.2706434,14.5 25.5,14.5
L44.5,14.5
Z